Judgment	#Clicks	#Examinations
1	0	0
1	0	0
2	0	0
2	24	34
1	0	0
0	0	0
2	0	0
0	0	0
2	0	0
0	0	0
2	0	2
1	39	75
1	39	75
0	0	0
2	0	0
0	2	4
0	0	0
1	0	0
1	8	17
0	0	0
0	0	0
1	8	17
1	0	1
0	0	0
0	0	0
1	0	1
1	0	0
1	0	0
1	0	0
1	0	0
1	0	1
1	0	0
0	0	0
0	0	0
1	0	0
1	0	0
1	0	0
1	0	0
0	0	0
0	0	0
0	0	0
1	0	0
0	6	8
0	0	0
0	0	0
0	0	0
0	0	0
1	0	0
1	0	0
0	0	0
1	0	0
1	0	0
0	0	0
1	12	20
1	0	0
1	4	37
0	0	0
0	0	0
1	0	0
1	0	0
0	0	0
1	0	0
1	0	0
1	0	0
1	0	0
0	1	3
0	0	0
1	17	53
0	0	0
1	0	0
1	1	1
1	0	0
1	0	0
1	0	0
1	0	0
1	0	3
1	4	7
0	0	0
1	0	0
1	0	0
1	15	27
1	0	0
0	0	1
1	0	0
1	0	0
1	1	2
1	0	0
1	0	0
1	0	0
1	0	0
1	0	0
1	0	0
1	0	0
0	0	1
1	0	1
1	0	0
0	0	0
0	0	0
1	0	0
1	0	0
0	0	0
1	0	0
1	0	0
1	0	0
0	0	0
1	0	0
0	0	0
1	0	0
1	0	0
1	0	0
0	0	0
1	0	0
0	0	0
1	0	0
1	0	1
1	0	0
0	0	0
1	0	0
1	0	0
1	0	0
1	0	0
0	0	0
1	0	0
1	0	0
1	0	0
1	0	0
1	0	0
1	0	0
1	0	0
0	0	0
1	0	0
0	0	0
0	0	0
0	0	0
1	0	0
1	0	0
1	19	65
1	0	0
0	0	0
1	0	0
1	0	0
1	0	0
1	0	0
1	0	0
1	0	0
0	0	0
1	0	0
0	2	3
1	1	9
0	0	0
0	0	0
1	0	0
2	10	20
0	0	0
2	9	36
0	0	0
1	0	0
1	0	0
0	0	0
1	0	0
0	0	0
0	0	0
0	0	0
0	0	0
0	0	0
1	0	0
1	1	1
0	0	0
1	0	0
0	0	0
1	0	0
1	0	0
1	0	0
1	0	0
1	0	0
0	0	0
0	0	0
0	0	0
1	0	1
1	0	0
0	0	0
0	0	0
1	0	0
1	0	0
1	0	0
0	0	0
0	0	0
0	0	0
0	0	0
1	0	0
0	0	0
0	0	0
0	0	0
0	0	0
1	0	0
0	0	0
0	0	0
0	0	0
0	0	0
0	0	1
0	0	0
0	2	3
1	0	1
0	0	0
0	0	0
0	0	0
0	0	0
1	0	0
2	0	1
1	0	0
2	0	0
2	54	58
2	1	2
2	0	2
2	0	2
0	0	0
0	0	0
0	0	0
1	0	0
2	0	0
0	0	0
1	0	0
0	0	0
0	0	0
1	0	0
0	0	0
2	0	0
0	0	0
1	0	0
1	0	0
1	0	0
1	0	0
1	0	0
0	0	0
1	0	0
0	0	0
2	0	0
1	0	0
0	0	0
1	0	0
1	0	0
2	0	0
1	0	0
1	0	0
0	0	0
1	0	0
0	0	0
1	0	0
1	0	0
1	0	0
0	0	0
0	0	0
0	0	0
1	0	0
1	0	0
0	0	0
0	0	0
0	0	0
2	0	0
0	0	0
0	0	0
2	0	0
1	0	0
0	0	0
0	0	1
1	0	0
0	0	0
1	0	0
0	0	0
1	0	0
0	0	0
0	0	0
0	0	0
0	0	0
0	0	0
0	0	0
0	0	0
0	0	0
0	0	0
0	0	0
0	0	0
0	0	0
0	0	0
0	0	0
0	0	0
0	0	0
1	0	0
1	0	0
0	0	0
0	0	0
0	0	0
0	0	0
0	0	0
1	0	0
1	0	0
0	0	1
1	0	0
0	0	0
1	0	0
1	1	1
1	0	0
0	0	0
1	1	5
1	0	0
0	0	0
1	0	0
0	0	0
0	0	0
0	0	0
0	0	0
0	0	0
1	0	0
1	37	39
1	0	0
0	0	0
0	0	0
2	0	0
1	0	0
0	0	0
1	0	0
1	0	0
1	0	0
1	0	0
0	0	0
0	0	0
1	0	0
0	0	0
0	0	0
1	0	0
1	0	0
1	0	0
1	0	0
0	0	0
0	0	0
0	0	0
0	0	0
0	0	0
0	0	0
0	0	0
1	0	0
0	0	0
1	0	0
1	0	0
0	0	0
0	0	0
0	0	0
1	0	0
0	0	0
0	0	0
0	0	0
2	0	0
1	0	0
0	0	0
0	0	0
1	1	1
2	0	0
0	0	0
0	0	0
0	0	0
2	3	3
0	0	0
0	0	0
1	0	0
1	0	0
1	0	0
0	0	0
1	0	0
0	0	0
1	0	0
0	0	0
0	0	0
1	0	0
1	0	0
0	0	0
1	0	0
1	0	0
0	0	0
1	0	0
0	0	0
1	0	0
1	0	0
1	0	0
1	0	0
1	0	0
1	0	0
2	0	0
1	0	0
0	0	0
1	0	0
0	0	0
0	0	0
1	0	0
0	0	0
1	0	0
0	0	0
1	0	0
0	0	0
0	0	0
0	0	0
1	0	0
0	0	0
0	0	0
1	0	0
1	0	0
0	0	0
0	0	0
1	0	0
0	0	0
1	0	0
0	0	0
1	0	0
2	0	0
0	0	0
0	0	0
0	0	0
0	0	0
1	0	0
0	0	0
0	0	0
0	0	0
1	0	0
0	0	0
1	0	0
0	0	0
0	0	0
1	0	0
1	0	0
1	0	0
2	0	0
1	0	0
1	0	0
0	0	0
1	0	0
0	0	0
0	0	0
0	0	0
0	0	0
2	0	0
0	0	0
0	0	0
0	0	0
1	0	0
1	0	0
0	0	0
1	0	0
0	0	0
1	0	0
0	0	0
0	0	0
1	0	0
1	0	0
0	0	0
0	13	13
1	0	0
1	0	0
0	0	0
1	0	0
1	0	0
0	0	0
1	0	0
1	0	0
2	0	0
0	0	0
1	0	0
1	0	0
0	0	0
0	0	0
1	0	0
0	0	0
1	0	0
1	0	0
1	0	0
2	0	0
1	0	0
0	0	0
1	0	0
1	0	0
0	0	0
0	0	0
1	0	0
1	0	0
0	0	0
1	0	0
0	0	0
1	0	0
1	0	0
1	0	0
1	0	0
1	0	0
1	0	0
0	0	0
0	0	0
0	0	0
0	0	0
1	0	0
1	0	0
1	0	0
1	0	0
0	0	0
0	0	0
1	0	0
0	0	0
1	0	0
0	0	0
0	0	0
1	0	0
0	0	0
2	0	0
0	0	0
1	0	0
1	0	0
0	0	0
1	0	0
0	0	0
1	0	0
1	0	0
0	0	0
0	0	0
0	0	0
1	0	0
0	0	0
0	0	0
0	0	0
0	0	0
1	0	0
1	0	0
0	0	0
1	0	0
0	0	0
1	0	0
0	0	0
1	0	0
1	0	0
1	0	0
0	0	0
0	0	0
0	0	0
0	0	0
0	0	0
0	0	0
0	35	42
1	0	0
1	0	0
1	0	0
0	0	0
1	0	0
0	0	0
1	0	0
0	0	0
1	4	5
0	0	0
1	0	0
1	0	0
1	0	0
0	0	0
0	0	0
1	0	0
0	0	0
1	1	5
0	0	0
1	0	0
1	0	0
0	0	0
0	0	0
1	0	0
0	0	0
0	0	0
0	0	0
0	0	0
2	0	0
1	0	0
2	0	7
1	0	9
0	0	0
0	0	0
1	0	7
0	0	0
0	0	0
1	0	0
2	0	0
0	0	0
0	0	0
2	0	0
1	0	0
0	0	0
0	0	0
0	0	0
0	0	0
0	0	0
1	0	0
1	0	0
1	0	3
0	0	0
0	0	0
2	0	0
0	0	0
0	0	0
0	0	0
1	1	5
0	0	0
0	0	0
0	0	0
0	0	0
0	0	0
0	0	0
1	0	0
1	2	14
0	0	0
1	3	13
0	0	0
1	0	0
1	0	0
1	0	0
2	0	0
1	0	0
2	349	376
1	0	0
1	0	0
0	0	0
0	8	1138
1	0	0
0	0	0
1	0	0
1	0	0
1	0	0
1	0	0
0	0	0
0	0	0
0	0	0
0	0	0
1	0	0
0	0	0
1	0	0
1	0	0
0	0	0
0	0	0
0	4	26
0	0	0
0	0	0
1	0	0
0	0	0
1	0	0
1	0	0
1	0	0
1	0	0
1	0	0
0	0	0
1	0	0
1	0	0
0	0	0
1	0	0
1	0	0
0	0	0
1	0	0
0	0	0
0	0	0
1	0	0
0	0	0
1	0	0
0	0	0
0	0	0
1	0	0
0	18	19
1	0	0
1	0	0
0	0	0
0	0	0
0	0	0
0	0	0
1	0	0
0	0	0
1	0	0
1	0	0
1	0	0
1	0	0
0	0	0
0	0	0
1	0	0
1	0	0
0	0	0
1	4	4
1	0	0
1	0	0
0	0	0
0	0	0
1	0	0
1	0	0
0	0	0
0	0	0
1	0	0
0	0	0
0	0	0
0	0	0
0	0	0
0	0	0
0	0	0
0	0	0
1	0	0
1	0	0
0	0	0
1	0	0
1	0	0
2	0	0
0	0	0
1	0	0
1	0	0
0	0	0
0	0	1
0	0	0
1	0	0
0	0	0
1	0	0
0	1	6
0	0	0
0	0	0
0	0	0
1	15	52
0	0	0
0	0	0
0	0	0
0	0	0
0	0	0
1	0	0
1	0	0
1	0	0
0	0	0
0	0	0
0	0	0
0	0	0
0	0	0
0	0	0
1	1	18
0	1	1
0	57	71
0	303	663
0	0	0
0	0	0
2	0	0
1	0	0
1	0	1
1	0	6
0	1025	1936
0	310	546
1	0	0
1	0	0
0	0	0
0	0	0
0	0	0
0	0	0
1	0	0
0	0	0
0	0	0
1	0	0
0	0	0
0	0	0
1	0	0
1	0	0
0	0	0
1	0	0
0	0	0
1	0	0
0	0	0
0	0	0
1	319	352
1	0	0
1	0	0
0	0	0
0	0	0
1	0	0
0	0	0
0	0	0
0	0	0
1	0	0
1	9	24
0	0	0
0	0	0
1	0	0
1	0	0
0	0	0
0	1	4
0	0	0
1	0	0
0	0	0
0	0	0
1	6	7
1	5	6
0	0	0
1	23	33
0	0	1
1	0	0
2	12	28
2	0	0
0	0	0
1	1	10
1	0	2
1	0	0
0	0	0
0	0	0
2	0	0
0	0	0
0	0	0
2	438	505
1	0	0
1	0	0
1	0	0
0	0	0
1	0	0
1	0	1
0	0	0
1	0	2
1	0	1
1	0	0
1	0	0
1	0	0
1	0	0
0	0	0
0	0	0
0	0	0
1	0	0
0	0	0
1	0	0
1	0	0
1	0	0
1	0	0
1	0	0
0	2	38
1	0	0
1	0	0
1	0	0
1	3	31
1	4	50
1	0	0
1	0	0
1	0	0
1	0	0
1	0	0
1	0	0
1	1	14
1	0	0
1	14	24
1	0	0
1	0	0
1	0	0
1	0	0
1	24	59
1	0	0
1	0	0
1	0	0
1	0	0
1	0	0
1	0	0
1	0	0
1	3	27
1	0	0
1	3	5
1	0	0
1	0	0
1	3	46
1	0	0
1	14	15
1	0	0
1	2	4
1	0	0
1	0	0
1	0	0
1	0	0
1	0	0
1	0	0
1	0	0
1	0	0
1	0	0
1	0	0
1	1	3
0	0	0
1	0	0
0	0	0
1	1	4
1	0	0
1	0	0
1	3	9
0	0	0
1	2	5
1	0	0
0	0	1
0	0	0
0	0	0
1	0	0
1	1	4
1	0	0
1	4	9
1	0	0
1	0	0
1	0	0
1	0	0
1	0	0
1	0	0
1	0	0
2	0	0
2	3	3
0	0	0
1	0	0
1	0	0
1	0	0
1	0	0
1	0	0
0	0	0
1	0	0
1	0	0
1	0	0
1	0	0
2	8	9
2	0	1
0	0	0
1	0	0
1	0	0
0	0	0
0	0	0
1	0	0
1	0	0
0	0	0
1	0	0
0	0	0
1	0	0
1	8	9
1	0	0
1	0	0
1	0	0
1	0	0
1	0	0
0	0	0
1	0	0
1	0	0
1	0	0
1	0	0
1	0	0
1	0	0
1	0	0
1	0	0
0	0	0
1	0	0
2	1	1
1	0	0
1	0	0
0	0	0
0	0	0
1	0	0
0	0	0
0	0	0
1	0	0
0	0	0
1	0	0
1	0	0
1	0	0
1	0	0
1	0	0
1	0	0
2	62	68
0	0	0
0	0	0
0	0	0
0	0	0
0	0	0
1	21	58
1	5	6
2	43	85
1	2	4
2	0	0
1	0	0
1	0	0
1	0	0
1	22	43
0	0	0
1	0	0
1	0	0
1	0	0
1	0	0
1	21	97
1	0	0
1	0	0
1	0	0
0	0	0
0	0	0
1	0	0
1	0	0
1	0	0
0	0	0
1	0	0
2	0	2
1	0	0
0	0	0
1	0	0
1	0	0
0	0	0
1	0	0
2	1	3
1	0	0
2	0	0
1	0	0
1	0	0
1	0	3
0	0	0
1	0	0
1	0	0
0	0	0
1	1	5
0	0	0
1	0	0
1	0	0
1	0	0
2	0	0
1	0	0
1	0	0
1	4	37
1	0	0
0	0	0
1	0	0
1	0	0
2	0	0
1	2	4
1	0	0
1	0	0
1	0	0
1	5	52
1	0	0
1	0	0
1	0	0
1	25	48
1	0	0
1	0	0
1	0	0
1	0	0
1	0	0
1	0	0
1	135	200
1	0	0
1	0	0
1	0	0
1	0	0
1	11	17
1	0	0
1	0	0
1	0	0
1	0	0
1	0	0
1	0	0
1	0	0
1	0	0
0	0	0
1	0	0
1	14	25
1	0	0
0	0	0
1	0	0
0	0	0
0	0	0
1	0	0
1	0	0
1	0	0
1	0	0
1	0	0
0	0	0
1	0	0
1	0	0
1	0	0
1	0	0
2	6	6
1	3	32
1	0	0
1	0	0
2	36	38
2	196	215
0	0	0
1	0	0
0	0	0
0	0	0
0	3	5
1	0	0
1	0	0
1	0	0
1	0	0
0	0	0
1	0	0
0	0	0
1	0	0
2	0	0
0	0	0
1	0	0
0	0	0
1	0	0
1	0	0
0	0	0
1	0	0
1	0	0
1	0	0
1	0	0
1	0	0
1	0	0
1	0	0
1	0	0
1	0	0
1	0	0
2	0	0
2	0	0
1	0	0
1	0	0
2	7	12
1	0	0
1	0	0
2	0	0
0	0	0
2	0	0
1	0	0
2	0	0
1	0	0
1	0	0
1	0	0
2	0	0
2	0	0
1	0	0
0	0	0
1	0	0
1	0	0
2	0	0
1	0	0
1	0	0
1	0	0
1	0	0
1	0	0
1	0	0
1	0	0
1	0	0
2	0	0
0	0	0
1	0	0
1	0	0
1	0	0
1	0	0
0	0	0
1	0	0
1	0	0
1	0	0
1	1	2
0	0	0
1	0	0
1	0	0
1	0	0
0	0	0
0	0	0
0	0	0
0	0	0
1	0	0
1	0	0
0	0	0
0	0	0
1	0	0
1	0	0
0	0	0
0	0	0
1	0	0
1	0	0
1	0	0
0	0	0
0	0	0
0	0	0
0	0	0
1	0	0
1	2	2
1	0	0
2	0	0
1	0	0
0	0	0
1	0	0
1	0	0
1	0	0
1	0	0
1	0	0
2	0	0
1	0	0
0	0	0
1	0	0
0	0	0
1	0	0
0	0	0
1	0	0
0	0	0
1	0	0
0	0	0
0	0	0
1	0	0
0	0	3
1	0	0
1	0	0
2	0	0
0	0	0
1	0	0
2	1	7
1	0	0
1	0	0
1	0	0
1	0	0
1	0	0
0	0	0
1	0	0
1	0	0
1	1	1
2	0	0
2	0	0
2	0	0
2	0	0
1	0	0
2	0	0
2	0	0
2	0	0
1	0	0
0	0	0
0	0	0
0	0	0
0	0	0
0	0	0
2	6	6
1	0	0
1	0	0
1	0	0
2	69	96
2	0	0
1	0	0
2	0	0
1	0	0
2	0	0
0	0	0
0	0	0
0	0	0
0	0	0
1	0	0
0	0	0
0	0	0
1	0	0
0	0	0
0	0	0
0	0	0
0	0	0
0	0	0
0	0	0
0	0	0
1	0	0
0	0	0
0	0	0
0	0	0
0	0	0
0	0	0
0	0	0
0	0	0
0	0	0
0	0	0
0	0	0
1	0	0
0	0	0
1	0	0
1	0	0
1	0	0
1	3	5
1	1	7
1	0	0
1	0	2
0	0	0
1	0	0
1	0	0
1	1	1
1	0	0
1	0	0
1	1	1
0	0	0
1	0	0
1	0	0
1	1	6
1	0	0
1	0	0
1	2	4
1	0	0
1	0	0
1	64	69
1	1	1
1	0	0
1	0	0
1	0	1
1	0	0
1	0	0
1	0	0
1	31	31
1	0	0
1	0	0
1	0	0
1	0	0
1	0	0
1	0	0
1	0	0
0	0	0
0	0	0
0	0	0
1	0	0
2	0	0
0	0	0
1	0	0
0	0	0
0	0	0
0	0	0
0	0	0
1	0	0
1	0	0
0	0	0
0	0	0
1	0	0
2	0	0
0	0	0
0	0	0
1	0	0
0	0	0
0	0	0
1	0	0
0	0	0
0	0	0
0	0	0
0	0	0
1	0	0
0	0	0
0	0	0
1	0	0
0	0	0
2	26	29
1	0	0
1	0	0
1	0	0
1	0	0
2	0	0
1	0	0
0	0	0
1	0	0
0	0	0
0	0	0
1	0	0
1	0	0
2	0	0
0	3	3
1	0	0
2	0	0
1	0	0
1	0	0
1	0	1
2	0	0
1	0	0
0	0	0
1	0	0
1	0	0
0	0	0
0	0	0
0	0	0
0	0	0
0	0	0
1	0	0
0	0	0
1	0	0
0	0	0
1	0	0
0	0	0
1	0	0
0	0	0
0	0	0
0	0	0
1	0	0
1	0	0
0	0	0
0	0	0
0	0	0
0	0	0
0	0	0
1	0	0
1	0	0
1	0	0
1	0	0
0	0	0
2	0	0
1	0	0
1	0	0
1	0	0
1	0	0
0	0	0
1	0	0
1	0	0
1	0	0
1	0	0
1	0	0
1	0	0
1	1	1
0	0	0
1	0	0
0	0	0
1	0	0
1	0	0
0	0	0
2	51	51
0	0	0
0	0	0
1	0	0
1	0	0
0	0	0
0	0	0
0	0	0
0	0	0
1	0	0
1	0	0
0	0	0
1	0	0
1	0	0
1	0	0
0	0	0
1	0	0
0	0	0
1	0	0
2	5	5
1	0	0
0	0	0
0	0	0
2	0	0
1	0	0
2	0	0
1	0	0
1	0	0
0	5	8
2	0	0
2	0	0
2	108	118
0	0	0
0	2	4
2	0	0
2	1	1
1	0	0
1	0	0
2	0	0
1	1	4
1	2	3
1	0	1
1	0	0
1	0	0
0	0	0
1	0	0
1	1	6
1	0	0
1	0	0
0	0	0
1	0	0
1	0	0
1	0	0
0	0	0
0	0	0
0	0	0
0	0	0
0	0	0
0	0	0
0	0	0
1	0	0
0	0	0
1	0	0
1	0	0
1	0	0
1	0	0
1	0	0
1	0	0
1	0	0
1	0	0
1	0	1
1	0	0
0	0	0
1	0	0
1	0	0
1	0	0
1	0	0
1	3	8
1	0	0
1	3	6
2	1	1
1	0	0
1	0	0
1	0	0
1	0	0
1	0	0
0	0	0
1	1	1
0	92	234
1	82	156
1	86	258
0	0	0
1	0	1
0	0	0
1	0	0
0	95	266
0	0	0
1	0	0
0	6	6
0	0	0
0	0	0
1	0	0
0	0	0
0	10	33
0	0	0
1	0	0
0	45	143
1	36	89
1	0	0
1	0	0
1	0	0
0	0	0
1	0	0
2	0	1
1	0	0
2	3	6
1	3	6
1	2	2
0	0	0
1	0	0
1	0	1
1	0	0
1	12	15
1	2	4
1	0	0
1	0	0
1	0	0
1	0	0
0	0	0
1	0	0
1	0	0
1	0	0
1	1	3
1	0	0
0	0	0
2	0	0
1	0	0
0	0	0
1	0	0
1	0	0
2	0	0
1	0	0
2	6	15
1	0	0
1	0	0
1	0	0
1	0	0
1	0	0
1	0	0
0	0	0
1	0	0
1	0	0
1	0	0
1	3	6
2	34	51
1	0	0
1	0	0
1	0	0
1	0	0
1	2	5
1	8	22
1	0	0
1	0	0
1	0	0
1	0	0
1	0	0
1	5	15
1	0	0
2	34	51
1	0	0
1	0	0
1	0	0
1	0	0
1	0	0
1	0	0
1	0	0
1	0	0
2	5	12
0	0	0
1	0	0
1	0	0
0	0	0
1	0	0
1	0	2
1	0	0
1	0	0
2	17	21
1	0	0
1	0	3
1	0	3
0	0	0
1	0	0
0	0	3
1	0	0
1	0	0
0	0	3
1	0	0
0	0	0
1	0	0
1	0	0
0	0	0
1	0	0
1	0	3
1	0	0
1	12	30
1	0	0
0	2	7
1	0	0
1	0	0
1	1	12
1	0	0
1	0	0
0	0	0
1	12	30
1	0	0
1	0	0
1	0	0
1	0	0
1	9	10
1	0	0
1	0	0
1	1	3
1	0	0
1	0	0
0	0	0
1	0	0
1	0	0
1	0	0
1	3	11
1	0	0
1	0	0
0	0	0
0	0	0
1	0	0
1	0	0
1	0	0
1	1	6
1	0	0
1	0	0
1	0	0
2	38	80
2	503	615
2	0	0
2	0	0
2	3	13
1	0	0
0	0	0
1	0	0
1	0	0
1	0	0
1	0	0
1	0	2
1	0	0
1	0	0
1	0	0
2	0	2
2	0	0
2	5	5
1	0	2
2	5	5
0	0	0
0	0	0
1	0	0
0	0	0
1	0	0
1	0	0
1	1	1
1	0	0
1	0	0
1	0	0
0	0	0
0	0	0
1	0	0
0	0	0
0	0	0
0	0	0
1	0	0
1	0	0
1	0	0
1	1	2
1	0	0
1	0	1
0	0	0
1	0	0
1	0	0
1	0	0
0	0	0
1	0	0
0	0	0
1	0	0
1	0	0
1	0	4
1	0	0
1	8	19
1	1	1
1	0	0
1	4	8
1	0	0
1	20	35
1	3	7
1	0	0
1	0	0
1	0	0
1	0	0
1	0	0
1	0	0
1	0	0
1	0	0
0	0	0
1	6	13
1	0	0
1	0	0
1	9	20
1	0	0
1	0	0
1	1	5
1	0	0
1	0	0
1	3	19
1	0	0
1	0	0
0	1	4
1	0	0
0	0	0
0	0	0
0	0	0
0	0	0
0	0	0
0	0	0
0	0	0
0	0	0
1	0	0
1	0	0
0	0	0
0	0	0
1	0	0
1	0	0
1	0	0
0	0	0
1	0	0
1	1	3
0	0	0
1	0	2
1	2	6
0	1	1
1	0	0
0	0	0
0	0	0
0	0	0
1	1	3
0	0	0
1	0	0
1	0	0
1	2	6
0	0	0
1	0	0
0	0	0
1	0	0
1	0	0
1	0	0
1	0	0
1	1	1
1	0	0
1	0	0
1	0	0
1	1	2
1	0	0
1	0	0
1	0	0
1	0	0
1	0	0
1	0	0
1	0	0
1	0	0
0	0	0
1	0	0
0	0	5
1	0	0
1	0	0
1	0	0
1	0	0
1	0	0
1	0	0
1	93	153
1	0	0
1	0	0
1	0	0
1	0	0
1	0	0
1	0	0
1	0	0
1	0	0
1	0	0
1	0	0
1	0	0
1	0	0
0	0	0
1	0	0
0	6	10
1	0	0
1	0	0
0	0	0
0	2	19
1	0	0
1	0	2
0	0	0
1	0	0
1	0	0
1	0	0
0	0	0
1	0	0
1	0	0
1	0	0
1	0	0
1	0	0
1	0	0
1	0	0
0	0	0
1	0	0
1	0	0
0	1	28
1	0	0
1	0	0
1	0	0
1	0	0
1	6	63
1	0	0
1	0	0
1	0	0
1	13	197
1	0	0
1	0	0
1	0	0
1	0	0
1	0	0
1	1	1
1	6	63
1	0	0
1	0	0
1	0	0
1	0	0
1	0	0
1	0	0
1	0	0
1	0	0
1	0	0
0	0	0
1	0	0
0	0	0
1	0	0
1	0	0
0	0	0
1	0	0
1	0	0
1	1	91
1	0	0
1	0	0
1	0	0
2	0	0
1	0	0
1	0	0
1	0	0
1	0	0
0	0	0
0	0	0
1	0	0
1	0	0
1	0	0
1	0	0
1	4	4
0	0	1
1	0	0
1	0	0
1	0	0
1	0	0
1	0	0
0	0	0
0	0	0
1	0	0
1	0	0
1	0	0
1	0	0
0	0	0
0	0	0
1	0	0
0	0	0
1	0	0
1	0	0
1	0	0
1	0	0
1	0	0
1	0	0
1	48	59
1	0	0
1	0	0
1	0	0
1	0	0
1	0	0
1	0	0
1	0	0
1	0	0
1	0	0
1	0	0
1	0	0
0	0	0
0	0	0
0	0	0
1	0	0
1	0	0
1	0	0
1	0	0
0	0	0
1	0	0
0	0	0
1	0	0
1	8	10
1	0	0
0	0	0
1	0	0
1	0	0
1	0	0
1	0	0
1	3	8
0	0	0
1	0	0
1	0	0
1	0	0
0	0	0
1	0	0
0	0	0
1	0	0
1	0	0
1	0	0
1	0	0
0	0	0
0	0	0
1	0	0
0	0	0
0	0	0
0	0	0
2	15	17
0	0	0
0	0	0
0	0	0
0	0	0
0	0	0
0	0	0
0	0	0
0	0	0
0	0	0
0	0	0
0	0	0
1	0	0
0	0	0
0	0	0
0	0	0
1	0	0
0	0	0
0	0	0
1	0	0
1	0	1
0	0	0
0	0	0
0	0	0
0	0	0
1	0	0
1	0	0
1	1	8
1	0	0
1	0	0
0	0	0
1	0	0
1	0	0
1	0	0
1	0	0
1	0	0
1	3	6
0	0	0
0	0	0
1	0	0
0	0	0
0	0	0
1	0	0
0	0	0
1	0	0
1	0	0
1	0	0
1	0	0
1	0	0
1	2	2
1	0	0
1	0	0
1	0	0
1	0	0
1	0	0
1	0	0
0	0	0
0	0	0
0	0	0
1	0	0
1	1	3
1	0	0
1	0	0
1	0	0
1	0	0
1	0	0
1	0	0
1	0	1
1	0	0
1	0	0
1	0	0
1	0	0
1	0	0
1	0	0
1	0	0
1	0	0
1	0	0
1	0	0
1	0	0
1	0	0
1	0	0
1	0	5
1	0	0
1	0	0
1	1	2
1	0	0
1	0	0
1	0	0
1	0	0
1	0	0
1	0	0
1	0	0
1	0	0
1	0	0
0	1	5
2	1	1
0	0	0
1	0	0
1	0	0
1	0	0
1	0	0
1	4	7
1	0	0
1	0	0
1	0	0
1	0	0
1	0	0
1	0	0
1	0	0
1	0	0
1	0	0
0	0	0
1	0	0
0	0	0
0	0	0
1	0	0
1	0	0
1	0	0
0	0	0
0	0	0
1	0	0
1	0	0
1	0	3
0	0	0
1	0	0
0	0	0
1	0	0
1	0	0
0	0	0
1	0	0
1	0	0
1	0	0
1	0	0
1	0	0
1	0	3
0	0	0
1	0	0
1	0	0
0	0	0
1	0	0
0	0	0
0	0	0
1	0	2
1	0	0
1	0	0
1	0	0
1	0	0
1	0	0
0	1	3
1	0	0
1	6	14
1	0	0
1	0	0
1	0	0
0	0	0
0	0	0
0	0	0
0	0	0
1	0	0
2	0	0
1	0	0
0	0	0
0	0	0
1	0	0
1	0	0
1	1	1
1	3	5
1	0	0
1	0	0
1	1	3
1	0	0
1	0	0
0	0	0
0	0	0
0	0	0
0	0	0
1	9	13
1	0	0
0	0	0
1	0	0
0	0	0
0	0	0
1	0	0
1	2	2
0	0	0
1	0	0
1	0	0
1	0	0
1	0	0
0	0	0
1	0	0
1	0	0
0	0	0
0	0	0
0	0	0
1	0	0
1	0	0
1	0	0
1	0	0
1	12	41
1	0	0
0	16	34
0	0	0
1	4	13
0	0	0
1	0	0
0	16	34
0	0	0
1	2	2
1	3	10
0	0	0
1	0	0
0	0	0
0	0	0
1	0	0
1	0	0
1	10	10
1	0	0
1	6	23
1	0	0
1	0	0
0	0	0
1	0	0
1	0	0
0	0	0
1	0	0
1	0	0
0	0	0
1	0	0
1	0	0
1	0	0
0	13	37
0	0	0
0	0	0
1	0	0
1	0	0
1	0	0
1	0	0
1	16	28
1	0	0
0	0	0
1	0	0
1	1	12
1	0	0
1	0	0
0	0	0
0	0	0
1	0	0
1	0	0
0	0	0
0	22	55
0	0	0
1	0	0
0	0	0
1	0	0
0	0	0
1	31	48
1	0	0
1	0	0
0	0	0
1	0	0
0	0	0
1	0	0
1	0	0
0	0	0
0	0	0
0	0	0
1	0	0
1	0	0
0	0	0
0	0	0
1	0	0
0	0	0
0	0	0
1	0	0
1	0	0
0	0	0
1	0	0
1	0	0
1	0	0
0	0	0
1	0	0
1	0	0
0	0	0
1	0	0
1	0	0
2	25	85
1	0	0
2	399	423
1	0	0
1	0	0
1	0	0
0	0	0
0	0	0
1	0	0
0	0	0
0	0	0
0	0	0
0	0	0
0	0	0
0	0	0
0	0	0
1	0	0
0	0	0
0	0	0
0	0	0
1	0	0
0	0	0
0	0	0
0	0	0
1	0	0
0	0	0
0	0	0
0	0	0
1	0	0
0	3	9
0	0	0
0	0	0
0	0	0
0	0	0
0	0	0
0	0	0
0	0	0
0	0	0
0	0	0
1	0	0
0	0	0
0	0	0
0	0	0
0	0	0
0	0	0
0	0	0
1	0	0
0	0	0
0	0	0
0	0	0
0	0	0
0	0	0
0	0	0
1	0	0
0	0	0
0	0	0
0	0	0
2	0	0
0	0	0
1	0	0
2	0	0
0	0	0
1	0	0
1	0	0
0	0	0
0	0	0
1	0	0
0	0	0
1	0	23
0	0	0
1	0	0
2	0	0
1	0	0
1	0	0
1	0	0
1	0	0
1	0	0
1	39	85
1	0	0
0	0	0
1	39	85
1	0	0
0	0	0
1	0	0
0	0	0
1	0	0
1	0	0
0	0	0
1	0	0
0	0	0
0	0	0
0	0	0
0	0	0
0	0	0
0	0	0
0	0	0
1	0	0
0	0	0
1	0	0
1	0	0
0	0	0
1	0	0
0	0	0
1	0	0
1	0	0
1	0	0
0	0	0
0	0	0
1	0	0
1	0	0
1	0	0
1	0	0
0	0	0
1	0	0
0	0	0
1	0	0
0	0	0
0	0	0
1	0	0
0	0	0
0	0	0
1	0	0
0	0	0
1	0	0
0	0	0
0	0	0
1	4	4
1	4	24
0	0	0
0	0	0
1	43	153
0	0	0
0	0	0
0	0	0
1	0	0
1	0	0
0	0	0
1	0	0
0	0	0
1	0	0
1	0	0
0	0	0
1	0	0
1	0	0
1	0	0
1	0	0
1	0	0
1	0	0
1	0	0
0	0	0
1	0	0
0	0	0
0	0	0
0	0	0
1	0	0
0	0	0
0	0	0
0	0	0
1	0	0
0	0	0
1	0	0
1	0	0
1	0	0
1	0	0
0	0	0
1	0	0
1	12	70
1	0	0
1	0	0
2	0	0
1	0	0
1	0	0
1	0	0
2	137	219
1	0	0
0	0	0
0	0	0
0	0	0
0	0	0
1	0	0
1	0	0
1	0	0
1	0	0
0	26	31
2	0	0
1	0	0
1	26	32
1	0	0
0	0	0
0	0	0
1	0	0
1	4	15
0	0	0
1	0	0
1	0	0
0	0	0
1	4	15
2	0	0
1	0	0
1	6	116
0	1	1
0	0	0
1	0	0
0	0	0
1	0	0
1	0	0
1	2	2
1	0	0
2	97	191
0	0	0
0	0	0
1	0	0
0	0	0
0	0	0
2	0	0
1	0	0
1	0	0
0	0	0
0	0	0
0	0	0
0	0	0
0	24	48
0	0	0
1	0	0
0	0	0
1	0	0
1	0	0
1	0	0
1	20	24
1	0	0
0	0	0
1	0	0
0	0	0
1	0	0
0	0	0
0	0	0
1	0	0
1	0	0
1	2	46
1	0	0
1	0	0
1	0	0
1	0	0
1	0	0
1	0	0
1	0	0
1	0	0
1	0	0
1	0	0
1	0	0
1	3	32
1	0	0
1	0	0
1	0	0
1	0	0
1	0	0
1	0	0
1	0	0
0	0	0
1	0	0
0	0	0
0	0	0
1	0	0
0	0	0
1	0	0
1	0	0
1	0	0
1	0	0
1	0	0
0	0	0
1	0	0
1	0	0
0	0	0
1	0	0
0	0	0
0	0	0
1	0	0
1	0	0
1	0	0
0	5	50
1	0	0
0	0	0
0	5	35
0	0	0
1	0	0
1	0	0
1	0	0
1	0	0
0	17	64
1	0	0
1	0	0
1	0	0
1	0	0
1	0	0
1	0	0
1	0	0
1	0	0
0	0	0
1	0	0
1	0	0
0	0	0
1	0	0
1	3	41
1	0	0
0	0	0
1	0	0
0	0	0
0	0	0
1	0	0
1	0	0
1	0	0
1	0	0
0	0	0
1	0	0
1	0	0
1	0	0
1	0	0
1	0	0
1	0	0
1	0	0
1	0	0
0	0	0
1	0	0
1	0	0
1	0	0
1	3	3
0	0	0
1	0	0
1	0	0
1	0	0
0	0	0
1	0	0
1	21	32
1	0	0
0	0	0
0	0	0
1	0	0
0	0	0
1	0	0
0	0	0
0	0	0
0	0	0
1	0	0
1	0	0
1	0	0
1	0	0
1	0	0
1	0	0
1	0	0
0	0	0
1	0	0
2	0	0
1	35	88
1	0	0
1	0	0
1	0	0
1	0	0
0	0	0
1	0	0
1	0	0
1	0	0
1	0	0
0	0	0
1	0	0
1	0	0
1	0	0
0	0	0
1	0	0
1	0	0
1	0	0
1	0	0
1	0	0
1	0	0
1	0	0
0	0	0
1	0	0
1	0	0
1	0	0
1	3	3
2	0	10
2	10	16
1	0	0
1	0	1
1	10	11
1	0	0
1	0	0
1	10	11
1	0	0
1	0	0
0	0	0
1	0	0
1	0	0
1	0	1
1	0	0
1	1	7
1	0	0
1	0	0
1	0	0
0	0	0
1	0	0
0	2	6
1	3	4
1	0	0
1	0	0
0	0	4
1	0	0
1	9	12
2	0	0
1	0	0
0	0	0
1	0	0
1	0	0
0	0	0
0	0	1
1	0	0
1	0	0
1	0	0
0	0	0
1	0	4
0	0	0
1	0	0
1	0	0
1	0	0
1	0	0
0	0	0
0	0	0
0	0	1
1	0	3
0	0	0
0	0	0
1	0	0
1	0	0
1	0	0
0	0	0
1	0	0
1	0	0
1	0	0
1	0	0
1	0	0
1	0	0
1	0	0
1	0	0
1	0	0
0	0	0
1	0	0
1	0	0
1	2	3
1	0	0
0	0	0
0	0	0
1	0	0
1	0	0
0	0	0
0	0	0
0	0	0
0	0	0
0	0	0
1	0	0
1	0	0
1	0	0
1	2	4
1	0	1
0	0	0
1	0	0
1	0	0
0	0	0
0	1	3
0	0	0
1	0	0
0	0	0
0	0	0
1	0	6
1	0	0
1	0	1
0	0	0
0	0	0
0	2	5
1	0	0
2	0	0
0	0	0
0	0	0
1	0	0
1	0	0
1	0	0
1	0	0
0	0	0
0	0	0
1	0	0
1	0	0
0	0	0
1	0	0
1	0	0
1	0	0
1	0	0
0	0	0
1	0	0
0	0	0
1	0	0
0	0	0
0	0	0
1	0	0
0	0	0
0	0	0
0	0	0
0	0	0
0	0	3
1	0	0
0	0	0
0	1	8
0	0	0
0	0	0
0	0	0
1	0	0
0	0	0
1	1	1
1	0	0
0	0	0
0	0	0
0	0	0
0	4	6
0	0	0
1	0	0
1	0	0
1	0	0
1	2	2
1	0	0
0	0	0
1	0	0
1	0	0
1	0	0
1	0	0
1	0	0
1	0	0
0	0	0
0	0	0
0	0	0
0	0	0
0	0	0
1	0	0
1	0	0
1	0	0
1	0	0
0	0	0
1	0	0
1	0	0
1	0	0
1	0	0
0	0	0
1	0	0
1	0	0
1	0	0
1	0	0
1	0	0
1	0	0
1	0	0
1	0	0
1	0	0
1	0	0
1	0	0
1	0	0
1	0	2
1	0	0
1	0	0
1	0	0
0	0	0
1	0	0
1	0	0
1	0	2
1	0	0
0	0	0
0	0	0
1	0	0
1	0	0
0	0	0
1	1	1
1	0	0
1	0	0
1	0	0
1	0	0
1	0	0
0	0	0
1	0	0
0	0	0
1	0	0
1	1	1
1	0	0
1	0	0
1	0	0
1	0	0
1	0	0
1	0	0
1	0	0
1	0	0
1	0	0
1	0	0
1	0	0
0	0	0
1	0	0
1	0	0
0	0	0
1	0	0
1	0	0
1	0	0
1	0	0
1	0	0
1	0	0
0	0	0
1	0	1
1	0	0
1	0	0
1	0	0
1	0	0
1	0	0
1	0	0
1	0	0
1	0	0
1	0	0
1	0	0
1	0	0
1	0	0
1	0	0
1	0	0
1	0	0
1	2	2
1	0	0
1	0	0
1	0	0
1	0	0
1	0	0
1	0	0
1	0	0
1	0	0
1	0	0
1	0	0
1	0	0
1	0	0
1	0	0
1	0	0
1	0	2
1	0	0
1	0	2
1	0	0
1	0	0
1	0	0
1	0	0
1	0	0
1	0	0
1	0	0
1	0	0
1	0	1
1	0	0
1	0	0
1	0	1
1	0	0
1	0	0
1	0	0
1	0	0
1	0	0
1	0	0
1	0	0
2	0	0
1	0	1
1	0	0
1	0	0
1	0	0
1	0	0
1	0	0
2	0	2
1	0	0
0	0	0
1	0	0
0	0	0
0	0	0
0	0	0
0	0	0
0	0	0
0	0	0
0	0	0
0	0	0
0	0	0
0	0	0
0	0	0
0	0	0
0	0	0
0	0	0
0	0	0
0	0	0
0	0	0
0	0	0
0	0	0
0	0	0
0	0	0
0	0	0
1	0	0
1	0	0
0	0	0
0	0	0
0	0	0
1	0	0
0	0	0
0	0	0
0	0	0
1	0	0
1	0	0
1	0	0
0	0	0
0	0	0
1	0	0
1	0	0
1	0	0
0	0	0
0	0	0
1	0	0
1	0	0
1	0	0
1	0	0
0	0	0
1	0	0
0	0	0
1	0	0
0	0	0
1	0	0
1	0	0
1	0	0
1	0	0
1	0	0
1	0	0
1	0	0
1	0	0
1	0	0
1	0	0
0	0	0
1	0	0
1	0	0
0	0	0
1	0	0
1	0	0
1	0	0
1	0	0
1	0	0
1	0	0
1	0	0
0	0	0
1	0	0
1	0	0
1	0	0
1	0	0
1	0	0
1	1	2
1	0	0
1	0	0
1	0	0
1	0	0
1	0	0
1	0	0
1	0	0
1	1	1
1	0	0
1	0	0
1	0	0
1	0	2
0	0	0
1	0	2
1	0	0
1	0	0
1	0	0
1	0	0
1	0	0
1	0	0
1	0	0
0	0	0
1	0	0
1	0	0
0	0	0
1	0	0
0	0	0
0	2	3
0	0	0
0	1	4
1	0	0
1	0	0
0	0	1
0	0	0
1	0	0
1	0	0
0	0	0
0	0	0
1	0	0
1	0	0
1	0	0
0	0	0
1	0	0
0	0	0
1	0	0
0	0	0
1	0	0
1	0	0
1	3	7
1	0	1
1	0	0
0	0	0
1	0	0
0	0	0
1	6	13
0	0	0
1	3	7
0	0	0
1	0	5
1	1	3
0	0	0
1	0	0
0	0	0
1	0	0
1	0	0
1	0	0
1	0	0
1	0	0
1	0	0
1	0	4
1	0	0
0	0	0
1	0	0
1	0	0
1	0	0
0	0	0
1	0	0
0	0	0
1	0	0
1	0	0
1	0	0
0	1	2
1	1	1
1	0	0
1	0	0
1	0	0
0	0	0
1	0	0
1	0	0
1	0	1
1	1	2
1	0	0
1	0	0
1	0	0
1	0	0
1	0	0
1	0	0
0	0	0
1	0	0
1	0	0
1	0	0
0	0	0
1	0	0
1	0	0
1	0	0
0	0	0
0	0	0
0	0	0
0	0	0
1	0	0
0	0	0
0	0	0
1	0	0
1	0	0
0	0	0
0	0	0
0	0	0
0	0	0
1	0	0
1	0	0
1	0	0
0	0	0
0	0	0
0	0	0
0	0	0
1	0	0
1	0	0
0	0	0
0	0	0
1	0	0
1	0	0
1	0	0
1	0	0
0	0	0
1	0	0
0	0	0
1	0	0
1	0	0
1	0	0
1	0	0
1	0	0
0	0	0
1	0	0
1	0	0
1	0	0
0	0	0
1	0	0
1	0	0
1	0	0
1	0	0
0	0	0
1	0	0
0	0	0
1	0	0
1	0	0
1	0	0
1	0	0
1	0	0
1	0	0
1	0	0
1	0	0
2	0	0
0	0	0
0	0	0
0	3	3
0	0	0
0	0	0
1	20	20
0	0	3
0	0	0
0	0	0
0	0	0
1	0	0
1	0	0
1	0	0
1	0	0
1	0	3
1	0	0
1	2	3
1	0	2
1	0	0
1	0	0
1	0	0
1	0	3
1	0	0
1	3	7
1	3	7
2	2	7
0	0	0
1	1	3
1	0	0
0	0	0
1	1	1
1	1	2
1	0	0
1	0	0
0	0	0
1	0	0
1	0	1
0	0	0
1	0	0
0	0	0
1	0	1
0	0	0
1	0	0
0	0	1
1	0	0
1	0	0
1	0	1
1	0	0
0	0	0
0	0	0
1	0	0
0	0	0
1	0	0
0	0	0
0	0	0
0	0	0
1	0	0
0	0	0
1	0	0
0	0	0
1	0	0
1	0	0
2	0	1
0	0	1
1	0	0
1	0	0
0	0	0
2	0	0
0	0	0
1	0	0
0	1	1
0	0	0
1	0	0
1	0	0
1	0	0
1	0	1
0	0	0
0	0	0
1	0	1
0	0	0
1	0	0
1	0	0
1	0	0
1	0	0
0	0	0
1	0	0
1	0	0
1	0	0
1	0	0
1	0	0
1	0	0
1	0	0
1	0	0
1	0	0
1	0	0
1	0	0
1	0	0
1	0	1
0	0	0
1	0	0
1	0	0
1	0	0
1	0	0
1	0	0
1	0	0
1	0	0
1	0	0
1	0	0
1	0	0
1	0	0
1	0	0
0	0	0
1	0	0
1	0	0
1	0	0
1	0	0
1	0	0
1	0	0
0	0	0
0	0	0
1	0	0
1	1	1
1	0	0
1	0	0
1	0	0
1	0	0
0	0	0
1	0	0
1	0	0
1	0	0
1	0	0
1	0	0
1	0	0
1	0	0
1	0	0
1	0	0
1	0	0
0	0	0
1	0	0
1	0	0
1	0	0
1	0	0
1	0	0
1	0	0
1	0	0
1	0	0
1	0	0
1	0	0
1	0	0
1	0	0
1	0	0
0	0	0
1	0	0
1	0	0
1	0	0
1	0	0
1	0	1
1	0	0
1	0	0
1	0	0
1	0	0
1	0	0
1	0	0
0	0	0
0	0	0
1	0	0
1	1	1
1	0	0
1	0	0
1	0	0
1	0	0
1	0	0
1	0	0
1	0	0
1	0	0
1	0	0
1	0	0
1	0	0
1	0	0
1	0	0
1	0	0
1	0	0
1	0	0
1	0	0
1	0	0
1	0	0
1	0	0
1	0	0
0	0	0
1	0	0
1	0	0
1	0	0
0	0	0
0	0	0
0	0	0
1	0	0
0	0	0
0	0	0
0	0	0
0	0	0
1	0	0
1	0	0
1	0	0
0	0	0
1	2	2
1	0	0
0	0	0
0	0	1
1	0	0
1	0	0
1	0	0
0	0	0
0	0	0
0	0	0
1	0	0
0	0	0
0	0	0
1	0	0
0	0	0
0	0	1
0	0	0
1	0	0
0	0	0
0	0	0
1	12	15
1	0	0
1	0	1
1	0	0
0	0	0
1	0	0
1	0	0
0	0	0
1	0	0
1	0	0
1	0	0
1	0	0
1	13	29
0	0	0
1	0	0
1	3	13
0	1	1
1	0	0
0	0	0
0	0	0
1	0	0
2	0	0
1	0	0
1	0	0
1	0	0
1	0	0
1	0	0
1	0	0
1	0	0
0	0	0
1	0	0
0	0	0
1	0	0
1	0	0
0	0	0
1	0	0
1	0	0
1	0	0
1	0	0
1	0	0
1	0	0
1	0	0
0	0	0
2	0	0
1	0	0
1	0	0
1	0	0
1	0	0
1	0	0
1	0	0
0	0	0
0	0	0
0	0	0
0	0	0
0	0	0
2	0	0
1	0	0
1	0	0
2	0	0
1	0	0
0	0	0
1	0	0
2	0	0
1	0	0
1	0	0
1	0	0
1	0	0
1	0	0
1	0	0
0	0	0
0	0	0
1	0	0
1	0	0
1	0	0
0	0	0
1	0	0
1	0	0
1	0	0
1	0	0
1	0	0
1	0	0
1	0	0
0	0	0
0	0	0
0	0	0
1	0	0
0	0	0
1	0	0
0	0	0
0	0	0
1	0	0
1	0	0
1	0	0
2	0	0
1	0	0
1	0	2
1	0	2
1	0	0
1	0	0
1	0	0
1	0	0
1	1	2
1	1	2
1	0	0
1	1	1
1	1	2
1	1	2
1	0	0
1	2	2
1	0	0
1	0	0
1	0	0
1	0	0
1	1	2
1	0	0
0	0	0
1	0	0
0	0	0
1	0	0
1	0	0
1	0	0
1	0	0
1	0	0
0	0	0
0	0	1
0	0	0
0	0	0
0	0	0
0	0	0
0	0	0
0	0	0
0	0	0
1	0	2
1	0	0
1	0	0
0	0	0
0	1	1
0	0	0
0	0	0
0	0	0
1	0	0
0	0	0
1	2	4
2	8	11
0	0	0
1	0	0
0	0	0
1	0	0
0	0	0
0	0	0
1	0	0
0	0	0
1	0	0
0	0	0
1	0	0
0	0	0
0	0	0
0	0	0
0	0	0
1	0	0
0	0	0
0	0	0
0	0	0
0	0	0
1	1	2
1	0	0
1	0	0
0	0	0
0	0	0
0	0	0
1	0	2
0	0	0
0	0	0
0	0	0
0	0	0
1	0	0
1	0	0
1	0	0
1	0	0
1	0	0
1	0	0
0	0	0
2	0	0
0	0	0
0	0	0
1	0	0
1	0	0
1	0	0
1	0	0
1	0	0
0	0	0
1	0	0
1	0	0
1	0	0
1	0	0
1	0	0
1	0	0
1	6	41
0	0	0
1	0	0
1	0	0
1	1	1
1	0	0
1	0	0
1	0	0
1	0	0
1	0	0
0	0	0
1	14	30
1	0	0
1	0	0
1	0	0
1	0	0
1	27	41
1	6	18
1	0	0
1	125	191
1	5	7
1	2	6
1	0	0
0	65	164
1	1	74
1	0	0
1	0	0
1	0	0
1	0	0
1	0	0
1	0	0
1	0	0
1	0	0
1	0	0
1	0	0
1	29	68
1	0	0
1	0	0
1	1	74
1	0	0
1	0	0
1	1	1
1	0	0
1	0	0
1	0	0
1	1	2
1	1	2
1	0	0
1	0	0
0	0	0
1	0	0
1	3	3
1	42	145
0	0	0
0	0	0
1	0	0
0	0	0
1	0	0
1	0	0
1	7	60
1	0	0
0	0	0
0	0	0
1	0	0
1	0	0
2	2	2
1	0	0
1	0	0
0	39	50
1	0	0
1	0	0
1	0	0
0	0	0
1	0	0
2	0	0
1	0	0
1	0	2
0	0	0
1	0	0
1	312	365
2	1845	2225
0	0	0
0	0	0
1	2	2
1	0	0
1	0	0
1	0	0
0	0	0
2	0	0
1	0	0
0	0	0
1	0	0
1	0	0
1	0	0
1	0	0
0	0	0
1	0	0
1	0	0
1	0	0
0	0	0
1	34	41
1	0	0
0	0	0
0	0	0
0	0	0
1	0	0
1	0	0
0	0	0
1	0	0
0	0	0
1	15	66
0	0	0
1	0	0
1	0	0
1	0	0
0	0	0
1	3	64
1	0	0
1	0	0
1	0	0
1	0	0
0	0	0
1	0	0
1	0	0
1	28	60
1	0	0
0	0	0
1	0	0
2	0	0
1	0	0
0	0	0
0	0	0
0	0	0
0	0	0
1	0	0
1	0	0
1	0	0
0	2	7
1	0	0
1	0	0
0	18	38
1	0	0
0	0	0
1	0	0
1	0	0
1	0	0
1	12	61
0	0	0
0	0	0
1	0	0
0	0	0
1	0	0
1	0	0
0	0	0
0	0	0
0	0	0
1	0	0
1	0	0
1	3	67
1	0	0
1	0	0
1	52	185
0	0	0
1	0	0
1	6	23
0	0	0
0	0	0
0	0	0
1	0	0
0	0	0
0	0	0
1	6	23
1	0	0
1	0	0
1	0	0
0	0	0
1	0	0
2	0	0
2	0	0
1	0	0
1	0	0
1	0	0
1	0	0
2	0	0
1	0	0
1	0	0
1	0	0
1	0	0
0	0	0
1	0	0
1	0	0
1	0	0
1	0	0
0	0	0
1	0	0
1	0	0
1	0	0
0	0	0
0	0	0
0	0	0
1	2	2
1	0	0
0	0	0
1	0	0
1	0	0
0	0	0
0	0	0
1	0	0
1	0	0
1	0	0
1	0	0
1	0	0
1	0	0
1	0	0
0	0	0
1	0	0
1	0	0
1	0	0
0	0	0
1	0	0
1	0	0
0	0	0
0	0	0
1	0	0
1	0	0
0	0	0
1	0	0
1	0	0
1	0	0
0	0	0
1	0	0
0	0	0
1	0	0
1	0	1
1	0	0
1	0	0
1	0	0
1	0	0
1	1	1
1	0	0
1	0	0
1	0	0
0	0	0
1	0	0
0	0	0
0	0	1
0	0	0
0	0	0
1	0	0
0	0	0
1	0	0
1	0	0
1	0	0
0	0	0
1	0	0
1	2	4
1	0	0
0	0	0
1	0	2
1	0	0
0	0	0
1	0	0
1	0	0
0	0	0
1	0	0
1	0	0
0	0	0
0	0	0
0	0	0
0	0	0
0	0	0
1	0	0
0	0	0
1	0	0
1	0	0
1	0	0
1	0	0
1	0	0
0	0	0
1	0	0
0	0	0
1	0	0
1	0	0
1	0	0
0	0	0
0	0	0
1	0	0
1	0	0
1	0	0
1	0	0
1	0	0
0	0	0
1	0	0
0	0	0
0	0	0
1	0	0
1	0	0
1	0	0
1	0	0
0	0	0
1	0	0
0	0	0
0	0	2
1	0	0
0	0	0
0	0	0
1	0	0
1	0	0
1	0	0
1	0	0
1	0	0
1	0	0
0	1	1
1	0	0
1	0	0
1	0	0
0	0	0
1	2	4
1	0	0
1	0	0
1	0	0
1	3	6
0	0	0
1	0	0
1	0	0
1	0	0
1	0	0
1	0	0
1	1	2
1	1	2
1	2	2
1	0	0
1	0	0
1	0	0
1	0	0
0	0	0
1	0	0
1	0	0
0	0	0
1	0	0
1	0	0
1	0	0
1	0	0
1	0	0
0	0	0
1	0	0
1	0	0
1	0	0
1	0	0
1	0	0
1	0	0
1	0	0
1	1	1
1	0	0
1	0	0
1	0	0
1	0	0
1	0	0
1	0	0
1	0	0
1	0	0
1	0	0
1	0	0
1	0	0
1	0	0
1	0	0
1	0	0
1	0	0
1	1	2
1	0	0
1	0	0
1	0	0
1	0	0
1	0	0
1	0	0
0	0	0
0	0	0
1	0	0
1	0	0
0	0	0
2	1	1
1	0	0
1	0	0
1	0	0
1	0	0
0	0	0
1	0	0
1	0	0
1	0	0
1	0	0
1	0	0
0	0	0
1	0	0
1	0	0
1	0	0
1	0	0
1	0	0
1	0	2
1	0	1
0	0	0
1	0	0
2	0	0
1	0	0
1	0	0
1	0	0
1	0	0
1	0	0
1	0	0
1	0	0
1	0	0
1	0	0
1	0	0
1	0	0
1	0	1
0	0	0
1	0	0
1	0	0
1	0	0
1	0	0
0	0	0
1	0	0
1	0	0
1	0	1
1	0	0
1	0	0
0	0	0
1	0	1
1	0	0
0	0	0
1	0	0
1	0	0
1	1	2
0	0	0
1	0	0
1	0	0
0	0	0
1	0	1
1	0	0
0	0	0
1	0	0
1	0	0
1	0	1
0	0	0
1	0	0
1	0	0
1	0	0
0	0	0
1	0	0
1	0	0
1	0	0
1	0	0
2	0	0
1	0	0
1	0	0
1	0	0
0	0	0
1	0	0
1	0	0
1	0	0
2	0	2
1	0	0
1	0	0
1	0	0
0	0	0
1	0	0
1	0	0
1	0	0
1	0	0
1	0	0
1	0	0
1	0	0
0	0	0
0	0	0
2	0	0
1	0	0
1	0	0
1	0	0
2	0	0
1	0	0
2	0	1
1	0	0
1	0	0
0	0	0
1	0	0
0	0	0
0	0	0
1	0	0
0	0	0
0	0	0
1	0	0
1	0	0
1	0	0
1	0	0
0	0	0
1	0	0
1	0	0
1	0	0
1	0	0
0	0	0
0	0	0
0	0	0
1	0	0
0	0	0
1	0	0
0	0	0
1	0	0
1	0	0
1	0	0
2	2	2
1	0	0
0	0	0
1	0	0
0	0	0
0	0	0
0	0	0
1	0	0
0	0	0
1	0	0
1	0	0
0	0	0
0	0	1
0	0	0
0	0	0
0	0	0
1	0	0
0	0	0
0	0	0
0	0	0
0	0	0
0	0	0
1	0	0
0	0	0
1	0	0
1	0	0
0	0	0
1	0	0
1	0	0
1	0	0
0	0	0
0	0	0
1	0	0
1	0	0
0	0	0
0	0	0
0	0	0
0	0	0
0	0	0
0	0	0
0	0	0
0	0	0
0	0	0
0	0	0
1	0	0
1	0	0
1	0	0
0	0	0
0	0	0
0	0	0
1	0	0
1	1	1
0	0	0
1	0	0
0	0	0
1	0	0
0	0	0
1	0	0
1	0	0
0	0	0
0	0	0
1	0	0
0	0	0
0	0	0
0	0	0
0	0	0
1	0	0
0	0	0
0	0	0
0	0	0
0	0	0
0	0	0
0	0	0
1	0	0
1	0	0
1	0	0
1	0	0
1	0	0
0	0	0
0	0	0
0	0	0
1	0	0
1	0	0
0	0	0
1	0	0
0	0	0
0	0	0
0	0	0
1	0	0
0	0	0
0	0	0
1	0	0
0	0	0
0	0	0
0	0	0
0	0	0
0	0	0
0	0	0
1	0	0
1	0	0
0	0	0
0	0	0
1	0	0
0	0	0
0	0	0
1	0	0
0	0	0
1	0	0
0	0	0
1	0	0
0	0	0
0	0	0
1	0	0
0	0	0
1	0	0
1	0	0
1	2	3
1	0	0
0	0	0
1	0	0
1	0	4
1	0	0
0	0	0
1	0	0
1	0	0
1	0	0
0	0	0
1	0	0
1	1	1
0	0	0
1	0	0
0	0	0
1	0	0
1	0	0
0	0	1
1	0	1
1	0	0
0	0	0
1	0	0
2	0	0
0	0	0
2	0	0
0	0	0
0	0	0
1	0	0
1	0	0
0	0	0
0	0	0
1	0	0
1	0	0
0	0	0
0	0	0
0	0	0
1	0	0
1	0	0
1	0	0
0	0	0
0	0	0
1	0	0
0	0	0
2	0	0
1	0	0
1	0	0
1	0	0
0	0	0
1	0	0
1	0	0
1	0	0
0	0	0
1	8	12
0	0	0
1	0	0
1	0	0
1	0	0
1	0	1
1	0	0
0	0	0
1	2	2
1	0	0
1	3	5
0	0	0
1	0	0
0	0	0
0	0	0
1	0	0
0	0	0
1	0	0
1	0	0
1	0	0
1	0	0
1	0	0
0	0	0
0	0	0
0	0	0
1	1	3
1	0	0
1	0	0
1	0	0
0	0	0
1	0	0
1	0	0
1	0	0
1	0	0
1	0	0
0	0	0
1	0	0
1	0	0
0	0	0
1	0	0
1	0	0
1	0	0
1	0	0
1	0	0
1	0	0
1	0	0
1	0	2
1	0	0
1	0	0
0	0	0
1	0	0
0	0	0
1	0	0
1	0	0
1	0	0
1	1	2
1	0	0
0	0	0
1	0	0
0	0	0
1	0	0
0	0	0
1	0	0
1	0	0
1	0	0
1	0	0
1	0	0
1	0	0
1	0	0
1	0	0
1	0	0
1	0	0
1	0	0
1	0	0
0	0	0
1	0	0
1	0	0
1	0	0
0	0	0
1	0	0
1	0	0
1	0	0
0	0	0
1	0	0
0	0	0
0	0	0
1	0	0
1	0	0
1	0	0
1	0	0
1	0	0
1	0	0
0	0	0
1	0	0
1	0	0
0	0	0
0	0	0
0	0	0
0	0	0
0	0	0
1	0	0
0	0	0
0	0	0
0	0	0
0	0	0
0	0	0
1	0	0
0	0	0
1	0	0
0	0	0
1	0	0
0	0	0
0	0	0
0	0	0
1	0	0
1	0	0
0	0	0
0	0	0
1	0	0
0	0	0
0	0	0
1	0	0
0	0	0
0	0	0
0	0	0
1	0	0
0	0	0
0	0	0
1	1	2
0	0	0
1	0	0
1	1	1
1	0	0
1	0	0
1	0	0
1	0	0
0	0	0
1	0	0
1	0	0
1	0	0
1	0	0
1	0	0
0	0	0
1	0	0
1	0	0
0	0	0
0	0	0
1	0	0
2	0	0
1	0	0
1	0	0
1	0	0
1	0	2
0	0	0
1	0	0
0	0	0
1	0	0
1	0	0
1	0	0
0	0	0
0	0	0
0	0	0
0	0	0
1	0	0
1	0	0
1	0	0
1	0	0
1	1	3
1	0	0
1	0	0
1	0	0
1	0	0
0	0	0
1	0	0
0	0	0
0	0	0
1	0	0
0	0	0
0	0	0
1	0	0
1	0	0
1	0	0
0	0	0
1	0	0
1	0	0
1	0	0
1	0	0
1	0	0
0	0	0
1	0	0
1	0	0
1	0	0
1	0	0
1	0	0
1	0	0
0	0	0
1	0	0
2	0	0
1	0	0
1	0	0
0	0	0
1	0	1
1	0	0
1	0	0
1	0	0
1	0	0
1	3	5
1	0	0
1	0	0
0	0	0
1	0	0
1	0	0
0	0	0
1	0	0
0	0	0
0	0	0
1	0	0
0	0	0
1	0	0
0	0	0
1	0	0
0	0	0
1	0	0
1	1	1
1	0	0
1	0	0
1	0	0
0	0	0
0	0	0
1	0	0
1	0	0
1	0	0
1	0	0
1	0	0
0	0	3
0	0	0
1	0	0
1	0	0
1	0	0
0	0	0
1	0	0
1	0	0
0	0	1
1	0	0
1	0	0
0	0	0
1	0	0
1	0	0
1	0	0
1	0	0
1	0	0
1	0	0
0	0	0
1	0	0
0	0	0
0	0	0
0	0	0
1	0	0
0	0	0
0	0	0
1	0	0
1	0	0
1	0	0
0	0	0
0	0	0
1	0	0
1	0	1
1	1	4
0	0	0
1	0	0
0	0	0
0	0	0
1	0	0
1	0	0
1	0	0
1	0	0
0	0	0
1	0	0
1	0	0
1	0	0
1	2	3
1	0	0
1	0	0
1	0	0
1	0	0
1	0	0
1	0	0
1	0	0
1	0	0
1	0	0
0	0	0
1	0	0
1	0	0
1	0	0
1	0	0
0	0	0
1	0	0
1	0	0
1	0	0
1	0	0
1	0	0
1	0	0
0	0	0
1	0	0
0	0	0
0	0	0
1	0	0
0	0	0
0	0	0
1	0	0
1	0	1
1	0	0
1	0	0
1	0	0
1	0	0
1	0	0
1	0	0
1	0	0
1	0	0
1	0	0
0	0	0
0	0	0
1	1	3
1	0	0
1	0	0
1	0	0
1	0	0
1	0	0
0	0	0
1	0	0
1	0	0
0	0	0
1	0	0
1	0	1
1	0	0
1	0	0
0	0	0
0	0	0
0	0	0
1	0	0
1	0	0
1	0	0
1	0	0
1	0	0
1	0	0
1	0	0
1	0	0
1	0	0
1	0	0
1	0	0
1	0	0
1	0	0
0	0	0
0	0	0
0	0	0
0	0	0
0	0	0
1	0	2
0	0	0
0	0	0
0	0	0
1	0	0
1	0	0
0	0	0
1	0	0
0	0	0
1	0	0
1	0	0
1	0	0
1	0	0
